Multiple size <= 100
TEST 1 ARG:64 16 59 20 48 5 18 14 0 3 79 68 69 15 58 13 33 78 27 86 55 6 42 11 61 34 25 73 92 41 39 63 7 84 57 46 45 31 91 2 89 12 66 83 49 51 67 87 82 85 30 44 70 21 98 22 26 96 19 72 97 9 81 94 62 77 1 99 10 60 37 23 71 4 53 24 88 52 76 40 74 95 17 56 47 36 90 75 29 8 54 65 38 93 32 35 50 28 80 43
TEST 3 ARG:87 93 84 56 97 77 47 88 11 42 98 63 25 21 76 34 19 70 95 6 30 78 83 58 16 31 65 17 43 50 79 14 61 74 29 55 71 90 45 40 66 27 59 7 12 41 86 94 48 33 8 28 49 53 64 36 69 91 75 0 57 26 80 24 5 35 46 72 96 38 9 15 4 51 52 23 62 13 54 22 85 67 68 39 82 18 81 1 89 60 32 73 3 2 20 99 10 37 92 44
TEST 12 ARG:77 68 30 23 29 16 84 50 71 87 97 9 8 37 3 62 19 75 18 31 99 6 46 2 38 24 70 83 66 74 80 4 7 22 52 47 28 15 0 98 25 85 48 26 14 11 58 44 33 36 1 88 57 17 13 43 27 81 49 42 10 60 64 72 76 59 95 55 54 93 20 51 86 94 65 53 92 90 5 67 32 79 96 39 73 21 40 12 35 56 69 61 63 91 89 45 78 82 41 34
TEST 14 ARG:4 74 46 83 41 1 40 86 64 69 14 18 30 3 32 81 13 17 56 47 15 6 45 5 8 85 2 50 84 66 0 22 16 96 37 95 93 31 52 24 54 38 75 59 63 7 57 58 94 65 99 97 12 49 78 61 55 92 27 51 73 91 42 34 35 28 36 72 87 19 98 43 29 88 77 70 25 80 20 10 68 62 79 89 82 44 53 9 11 71 33 48 26 67 21 39 60 76 23 90
TEST 15 ARG:72 79 92 31 69 91 48 39 71 11 67 99 66 30 57 13 25 44 73 87 70 78 64 95 68 21 7 55 41 59 38 26 61 56 45 27 62 52 88 8 76 9 65 18 10 42 47 94 37 14 4 1 83 50 43 16 22 90 77 63 6 89 28 81 3 96 17 75 85 51 2 46 98 12 0 23 35 74 53 36 24 33 40 20 49 15 58 5 86 54 32 84 19 97 82 29 93 34 60 80
TEST 16 ARG:67 46 90 49 44 8 58 94 22 13 17 68 84 78 30 93 72 63 43 31 34 29 55 16 61 65 26 79 0 77 82 59 76 53 23 2 85 98 40 24 47 33 15 64 86 42 48 89 12 3 80 96 5 37 91 7 50 95 1 14 39 83 19 66 10 21 99 60 20 38 18 36 71 81 75 32 56 52 73 11 35 69 25 57 62 41 51 54 97 27 92 45 87 6 4 9 74 88 70 28
TEST 17 ARG:12 2 10 22 6 77 32 21 79 57 93 83 90 47 43 94 20 40 49 0 46 29 39 56 89 36 17 76 96 88 41 30 34 19 97 45 15 55 73 78 64 70 99 62 11 28 82 18 54 65 98 72 63 95 59 1 50 48 80 85 92 5 66 61 37 71 53 24 4 14 7 23 58 68 16 42 33 9 26 8 81 51 35 67 60 25 74 87 86 84 31 75 52 3 27 44 91 69 38 13
TEST 19 ARG:24 22 65 96 62 18 23 68 98 3 67 21 55 71 11 43 14 40 86 85 72 26 93 25 75 76 13 0 2 42 35 19 30 9 54 91 74 45 66 31 92 4 87 63 32 28 37 49 44 5 33 69 90 56 8 82 58 38 20 57 34 80 27 73 46 83 51 41 60 59 78 64 36 94 88 6 17 29 52 50 81 77 53 89 70 15 97 84 99 7 48 39 79 10 12 61 47 1 16 95
TEST 21 ARG:22 61 4 25 17 78 28 74 83 82 35 1 53 6 79 55 90 3 87 63 48 67 65 95 33 41 89 44 31 96 0 75 15 62 23 71 12 21 11 32 69 68 45 59 86 58 99 43 24 60 30 70 91 2 54 26 38 34 98 76 27 77 37 92 97 50 66 81 85 88 5 42 9 93 36 16 80 46 8 51 56 13 57 7 73 40 47 72 18 10 49 52 29 94 19 14 64 20 39 84
TEST 22 ARG:21 25 48 42 46 0 45 8 51 24 41 19 5 89 86 23 99 10 91 62 79 22 49 82 14 84 68 32 70 28 52 73 60 63 12 85 20 78 40 80 67 95 53 31 4 87 39 83 54 75 47 7 36 55 56 33 38 1 30 9 96 90 57 72 29 3 15 44 64 35 6 43 74 76 16 88 71 77 11 34 93 66 69 98 27 2 37 94 58 18 13 59 61 92 97 65 81 26 17 50
TEST 23 ARG:35 52 24 8 81 86 84 68 88 6 83 2 28 75 25 9 82 66 91 10 38 22 4 46 43 29 41 34 23 27 65 36 50 54 7 31 40 79 99 56 98 69 73 78 11 67 19 97 70 93 89 60 64 53 45 30 3 59 62 32 13 16 77 42 87 5 14 37 0 95 74 94 47 85 92 20 55 71 76 21 12 39 18 44 57 1 72 17 63 15 49 96 61 26 80 48 58 90 33 51
TEST 24 ARG:55 1 99 91 13 26 40 53 14 68 67 48 12 8 36 72 74 98 93 97 41 42 18 81 71 77 54 47 89 39 35 83 79 34 52 60 43 27 64 44 51 37 49 29 32 95 76 31 3 20 45 21 38 69 46 56 10 19 75 82 57 23 65 17 15 85 80 70 63 5 28 62 7 96 86 73 90 84 88 59 6 25 50 11 16 78 22 2 9 61 4 66 0 92 24 33 58 87 94 30
TEST 25 ARG:77 85 74 73 40 1 59 89 38 28 58 50 27 54 15 39 48 82 12 75 94 65 90 76 68 51 6 70 23 72 4 62 92 67 96 69 84 22 95 37 31 20 43 63 41 60 16 35 44 32 66 64 29 79 46 47 57 33 81 71 14 55 49 10 78 26 93 18 0 21 34 83 19 11 88 13 42 56 53 30 7 17 9 99 98 97 2 80 25 5 8 24 86 36 45 91 61 3 87 52
TEST 26 ARG:85 15 74 78 73 20 94 68 83 19 38 76 40 30 21 54 53 43 51 9 45 84 77 59 17 39 69 28 35 57 13 33 24 23 56 79 93 41 99 6 60 7 8 4 80 5 46 63 11 50 16 72 88 91 26 75 47 3 86 67 31 32 95 97 10 61 14 81 48 82 36 37 58 55 49 71 70 18 12 29 90 96 34 25 52 92 64 2 0 44 62 89 87 1 22 66 65 42 98 27
TEST 29 ARG:48 22 70 84 72 46 61 27 25 17 60 15 1 80 36 68 39 66 34 19 55 9 47 81 99 78 42 76 2 88 37 33 58 26 30 53 86 12 52 41 50 90 44 35 3 20 56 45 11 89 92 95 57 14 63 18 79 28 13 24 93 59 82 43 49 91 8 23 67 7 87 62 73 96 29 64 5 71 10 4 75 98 54 38 65 85 31 83 77 94 6 51 74 21 97 32 69 40 16 0
TEST 31 ARG:78 99 9 70 61 57 18 3 90 37 76 4 75 88 26 38 32 28 45 83 60 24 54 73 96 65 25 52 71 17 94 30 16 8 47 6 48 34 1 22 62 69 92 74 84 0 51 98 49 44 31 50 41 20 39 43 81 64 63 14 10 77 72 35 91 33 2 66 11 58 21 85 12 95 55 15 40 42 87 53 23 19 27 97 46 13 67 5 56 79 29 59 93 7 89 80 68 82 86 36
TEST 32 ARG:95 92 34 52 98 53 37 6 75 46 76 18 50 25 78 2 67 35 77 41 7 44 55 83 23 97 69 22 74 63 72 33 12 40 15 57 3 82 47 94 14 19 64 99 32 93 42 84 26 28 4 49 66 11 24 48 87 96 30 1 65 43 88 89 73 68 79 59 20 45 71 81 51 85 21 61 62 31 80 0 54 9 8 38 27 86 91 16 39 36 60 5 13 70 10 56 29 58 17 90
TEST 34 ARG:63 42 14 52 93 98 12 59 5 48 95 97 55 26 96 91 65 74 20 13 77 50 85 19 6 75 16 82 71 10 87 94 3 8 62 0 30 45 83 7 21 76 39 69 17 44 32 73 64 57 23 89 31 24 99 84 86 79 58 49 33 15 36 67 4 27 81 92 78 11 88 22 37 38 90 56 9 29 51 40 66 61 46 72 43 2 54 34 60 41 70 80 53 47 35 25 18 28 1 68
TEST 36 ARG:17 96 89 41 10 42 92 82 56 99 65 54 13 68 81 28 12 20 24 38 49 72 66 37 40 94 27 33 59 7 29 43 74 52 53 71 79 62 18 77 26 73 8 80 64 9 97 90 75 61 34 83 88 93 11 4 1 85 86 0 44 32 16 98 78 57 87 91 21 76 23 46 19 67 63 39 95 35 50 70 31 30 3 48 14 60 2 6 55 51 69 45 15 5 36 58 47 25 84 22
TEST 37 ARG:45 5 56 69 82 28 40 78 3 1 27 73 44 62 61 88 76 71 77 98 2 67 22 41 20 7 4 97 74 35 24 84 99 55 63 9 68 94 19 60 91 48 87 90 39 13 59 96 52 15 65 37 80 72 66 49 25 6 0 26 92 81 46 29 93 10 75 30 83 79 14 51 31 17 8 64 33 11 32 95 36 16 54 53 47 50 70 57 23 21 89 86 34 12 58 42 18 85 43 38
TEST 38 ARG:38 27 34 13 44 50 21 97 58 17 76 68 80 89 85 16 45 30 87 59 4 65 99 10 14 66 73 95 3 12 8 64 6 35 49 54 39 79 78 5 77 0 67 1 40 36 24 11 94 84 71 2 46 31 43 56 28 52 91 92 62 15 74 69 33 60 53 75 90 61 37 25 98 41 51 20 55 86 42 7 29 26 82 23 63 72 96 19 47 70 32 18 48 81 88 22 9 93 57 83
TEST 39 ARG:12 23 85 39 73 63 4 66 54 88 60 14 84 38 19 32 29 83 64 45 65 7 79 89 27 68 77 31 15 36 99 47 61 93 24 37 86 50 0 52 3 9 43 41 16 87 17 20 2 49 97 46 10 26 44 57 22 95 69 70 1 80 98 51 72 11 42 18 40 74 35 48 71 90 81 5 21 13 53 8 96 76 33 58 78 91 59 28 56 34 94 75 67 6 62 25 30 55 82 92
TEST 42 ARG:74 50 86 39 34 0 4 59 32 77 36 85 42 94 83 82 70 75 9 79 58 54 95 22 53 48 73 16 24 1 46 65 45 21 28 93 87 55 2 13 44 69 35 88 29 91 56 10 19 14 23 80 61 76 37 63 49 3 43 31 90 15 17 62 11 78 84 66 8 71 18 5 64 98 27 97 38 47 41 40 51 30 72 7 67 68 92 99 20 96 6 57 89 60 12 25 26 33 81 52
TEST 52 ARG:35 97 0 30 46 74 24 64 58 57 52 79 81 48 69 91 38 92 13 16 7 20 47 11 89 51 78 43 32 37 33 21 42 23 72 5 55 84 56 99 67 25 36 40 85 98 75 86 6 31 59 80 4 22 10 1 63 65 76 62 28 87 73 12 54 3 96 39 44 94 61 60 19 29 88 66 9 17 26 27 70 93 45 2 50 77 82 34 71 83 95 68 53 90 41 8 15 49 18 14
TEST 54 ARG:2 93 92 82 98 71 64 96 22 56 83 81 53 0 24 76 31 40 5 10 3 72 94 15 99 35 51 74 9 1 88 8 37 26 48 38 20 28 45 47 66 12 60 39 55 44 89 17 23 79 61 75 30 87 77 78 50 36 85 13 65 95 80 52 70 43 4 84 18 91 41 97 14 11 6 34 58 16 73 63 27 69 54 32 86 46 7 62 21 33 19 68 29 25 59 57 49 90 67 42
TEST 55 ARG:59 16 96 15 58 99 1 11 31 3 66 89 83 54 43 98 40 65 19 56 41 51 13 34 21 26 64 39 75 70 81 8 77 74 0 90 48 94 88 14 35 72 46 22 78 45 36 5 23 28 69 27 9 71 63 52 85 42 93 67 4 20 18 79 91 86 12 82 60 55 38 17 47 44 7 29 50 2 92 80 24 6 97 32 30 25 37 53 49 62 87 95 68 73 57 10 61 84 33 76
TEST 57 ARG:64 77 73 58 6 54 47 35 56 8 55 59 75 42 3 91 96 62 18 78 28 4 67 10 88 93 12 68 52 36 16 17 92 81 1 15 99 29 20 74 0 40 9 22 80 45 83 30 95 2 32 94 98 69 76 57 21 89 41 49 97 90 19 85 53 48 46 31 13 38 44 63 65 14 39 27 24 25 37 87 5 33 60 7 61 11 71 86 23 72 51 50 70 34 82 43 84 26 79 66
TEST 58 ARG:78 81 94 31 73 89 4 19 71 13 42 5 17 61 84 56 23 58 43 65 33 99 67 51 8 38 76 37 48 29 60 70 44 96 50 46 0 86 74 97 20 85 22 32 7 11 87 45 47 92 26 82 77 18 14 24 49 80 39 62 54 63 64 72 2 66 41 55 88 1 75 6 21 15 40 98 30 34 28 10 36 90 16 53 35 68 59 79 9 52 69 95 3 83 27 12 57 93 25 91
TEST 59 ARG:62 81 24 96 29 56 44 83 28 64 35 46 4 94 75 48 72 42 88 17 84 2 1 90 15 34 41 55 23 20 16 27 50 99 31 25 12 5 60 76 40 73 6 47 69 9 39 51 95 37 77 19 0 87 97 52 14 79 70 8 53 10 65 54 32 22 67 63 93 49 98 45 61 33 80 3 85 89 30 91 26 59 66 21 18 71 78 58 7 38 36 86 57 68 11 92 43 13 74 82
TEST 61 ARG:20 45 11 25 40 6 14 50 99 83 97 55 29 1 78 30 26 75 65 52 64 4 7 59 37 89 53 95 8 86 51 21 90 22 9 28 61 71 98 76 19 96 85 24 35 68 0 44 81 92 56 2 33 62 12 43 5 63 88 15 13 87 17 60 84 47 31 91 48 49 38 57 54 16 18 66 10 23 94 80 69 27 42 34 74 93 72 73 58 46 79 41 67 82 77 70 39 3 36 32
TEST 68 ARG:98 39 38 29 24 26 25 16 65 30 45 77 73 69 87 50 47 8 17 66 11 41 6 63 62 46 96 67 52 99 7 54 35 20 19 92 95 42 15 22 94 97 43 59 83 1 71 36 79 33 0 4 72 74 5 49 23 48 80 70 88 12 27 76 37 9 32 89 85 82 34 90 57 64 58 81 44 18 13 31 2 61 91 78 55 75 28 21 93 68 84 40 60 53 56 14 51 3 86 10
TEST 74 ARG:39 50 21 47 73 65 52 70 85 18 62 14 86 75 23 93 87 51 83 4 79 29 42 64 34 59 78 17 74 49 16 26 31 12 72 30 5 46 40 77 22 76 99 90 9 81 67 58 32 15 28 41 92 8 63 27 56 94 25 19 95 61 96 33 13 71 2 37 54 3 60 20 36 6 98 80 7 57 69 11 91 89 10 43 1 55 68 24 38 48 66 84 0 53 97 45 44 82 88 35
TEST 79 ARG:45 59 92 55 41 6 25 65 4 54 40 10 95 82 1 76 28 99 30 98 16 90 42 48 19 21 34 68 44 20 97 5 39 83 32 85 73 46 36 91 72 77 89 15 38 3 94 22 13 63 14 9 81 24 93 17 27 11 35 62 64 50 29 12 18 80 79 75 56 70 0 43 60 96 71 7 61 49 47 26 52 87 2 66 53 57 69 67 37 88 8 31 23 86 33 51 78 84 58 74
TEST 83 ARG:1 57 49 25 84 22 98 74 28 2 53 11 33 16 34 46 99 39 6 12 10 44 17 71 87 18 30 92 37 20 80 27 89 73 88 23 68 43 7 13 85 47 32 91 66 4 94 97 24 78 62 95 19 8 15 81 51 54 96 36 14 75 90 67 58 59 52 55 45 60 40 93 56 21 79 35 29 42 31 70 41 50 65 9 48 5 69 0 83 38 63 86 64 82 77 3 72 61 26 76
TEST 84 ARG:3 45 40 30 28 89 44 14 8 83 55 2 99 78 92 25 52 26 10 50 35 66 88 11 70 23 43 80 53 31 6 7 20 68 62 22 13 86 16 90 61 69 15 9 4 21 24 49 54 98 60 94 93 57 17 64 34 36 96 37 48 97 84 74 65 77 12 41 32 79 1 38 59 63 33 82 19 5 27 95 73 0 81 71 72 18 91 75 39 29 87 47 56 76 85 58 67 42 46 51
TEST 85 ARG:27 41 5 89 71 30 38 45 36 19 55 39 0 14 52 51 31 73 70 80 75 7 54 24 77 21 69 47 15 86 37 90 79 66 82 64 8 68 25 61 13 96 83 42 11 35 9 74 56 81 67 12 99 10 92 22 6 63 1 23 43 48 62 53 93 97 58 49 85 84 3 33 88 76 98 78 60 16 32 50 26 40 29 59 46 94 65 95 18 87 91 34 2 44 28 4 17 72 20 57
TEST 86 ARG:1 7 41 86 63 70 34 68 20 28 84 33 76 0 46 64 2 36 98 57 82 58 43 60 26 61 69 97 65 96 30 13 15 5 25 95 73 6 78 32 62 75 87 3 93 77 44 10 18 81 56 71 80 4 99 72 27 21 19 42 29 54 66 51 47 11 55 53 90 22 74 52 16 12 94 39 79 24 37 14 9 89 85 67 40 59 88 38 92 83 91 23 8 50 35 48 17 49 31 45
TEST 87 ARG:47 54 24 10 33 46 39 5 87 41 71 27 42 17 66 80 7 13 82 76 29 18 28 31 16 45 94 52 81 4 89 64 63 97 15 70 6 56 61 59 88 19 92 77 84 73 53 37 86 25 98 36 40 11 3 35 12 26 90 21 8 9 85 55 75 22 58 91 57 96 95 68 38 34 32 44 48 67 50 1 93 78 20 74 83 72 14 23 99 49 30 69 60 43 65 62 51 2 79 0
TEST 90 ARG:65 89 56 66 64 75 36 94 3 52 6 8 80 49 54 39 96 12 19 35 7 1 60 99 71 51 48 82 22 29 76 38 40 26 68 10 62 86 74 15 33 70 34 46 41 78 31 57 50 47 27 92 43 45 9 91 97 5 44 77 55 87 20 25 69 90 23 85 32 0 84 18 30 67 21 4 79 11 81 17 2 98 16 95 72 37 61 24 53 93 63 59 28 14 13 83 42 73 88 58
TEST 91 ARG:69 93 35 61 79 2 84 70 14 74 53 59 36 19 23 16 46 82 43 41 67 76 20 49 60 32 86 29 96 17 15 97 1 45 10 77 34 42 37 0 75 72 73 24 18 81 48 85 28 3 44 92 8 78 90 94 25 26 9 57 58 66 68 50 5 83 71 40 38 4 31 65 22 87 89 95 63 52 64 6 27 54 80 56 30 98 11 47 91 51 88 21 39 7 55 33 99 13 12 62
TEST 92 ARG:25 95 68 52 54 81 6 62 72 55 60 86 67 41 76 85 7 43 24 20 61 40 13 35 9 16 48 98 30 21 50 0 59 70 32 71 27 99 38 51 66 96 34 79 23 64 49 65 93 2 90 8 63 69 53 15 39 11 78 29 97 57 56 42 92 19 10 89 84 3 82 33 37 47 14 73 22 18 12 4 28 80 44 91 94 31 26 74 83 1 36 17 45 5 58 88 87 46 77 75
TEST 93 ARG:51 98 90 79 40 68 96 4 35 42 62 15 80 87 25 43 18 94 12 28 38 99 27 97 17 76 67 55 84 1 77 78 70 71 36 74 91 48 93 10 29 52 54 24 37 31 49 47 95 32 83 14 11 30 66 86 69 3 9 26 8 81 50 19 63 44 89 16 53 21 58 34 92 57 2 73 85 60 33 7 46 5 41 0 75 82 65 56 61 45 23 6 22 88 72 13 20 39 64 59
TEST 94 ARG:85 1 98 23 83 79 12 86 70 7 80 41 27 59 67 76 16 13 57 37 69 36 58 91 34 75 78 46 49 28 22 54 72 35 53 95 92 99 15 93 84 47 68 26 45 96 66 19 90 42 88 11 77 29 55 62 20 17 4 56 10 5 38 39 32 51 43 6 87 71 94 64 74 0 82 81 50 14 25 44 40 63 3 21 48 30 8 31 89 33 73 60 61 18 65 24 9 97 2 52
TEST 97 ARG:41 29 65 8 32 86 84 44 28 90 60 51 57 93 74 75 48 23 10 97 63 54 50 0 37 53 36 94 61 21 19 16 78 30 12 42 73 79 15 76 67 7 2 87 59 6 33 14 64 11 13 99 71 89 35 88 46 26 38 9 96 20 85 1 72 62 70 95 4 91 17 27 25 77 83 66 69 92 80 82 40 39 5 34 98 81 52 43 68 58 56 3 31 55 45 18 24 47 49 22
TEST 98 ARG:93 14 80 0 83 26 17 78 95 47 56 11 27 31 97 59 25 32 81 7 1 91 29 36 33 13 77 28 57 40 52 60 49 8 54 41 39 16 75 9 55 70 2 66 76 51 10 3 84 74 72 98 35 4 42 12 63 15 6 87 62 23 86 89 43 73 22 64 88 90 53 99 58 45 94 18 5 65 67 96 34 48 71 79 19 21 69 68 46 20 37 92 44 24 30 38 61 82 85 50
TEST 101 ARG:22 29 34 67 73 47 12 63 64 8 25 37 16 62 11 9 95 90 97 32 69 78 56 91 98 68 46 59 2 17 79 94 43 1 31 89 3 39 60 84 24 85 50 30 55 48 26 57 92 82 70 27 7 44 19 88 53 72 81 41 83 49 38 77 54 42 33 71 45 75 6 40 5 21 51 13 96 66 61 58 4 93 23 28 80 86 10 35 0 14 99 36 52 76 87 15 74 20 18 65
TEST 103 ARG:46 33 43 72 98 23 13 58 94 78 25 50 56 16 53 85 93 17 70 40 71 77 66 76 12 44 1 22 49 64 10 82 87 65 31 37 2 81 90 28 41 88 79 63 38 26 11 80 47 15 30 29 34 92 97 55 67 35 91 96 8 5 52 51 4 42 0 75 57 36 9 21 68 89 18 61 59 69 62 54 19 39 83 24 84 7 6 32 45 99 86 74 95 20 73 48 60 3 14 27
TEST 104 ARG:23 41 14 37 11 17 81 93 99 28 90 96 65 19 91 16 35 85 53 64 63 76 1 50 45 10 25 44 12 84 5 15 80 69 9 68 73 95 20 27 38 52 31 75 2 89 33 43 34 74 54 6 13 21 72 22 59 18 32 58 57 77 66 49 56 4 3 62 86 78 40 7 39 94 36 61 83 60 87 26 88 24 47 30 29 0 8 46 55 98 42 48 82 70 67 97 92 79 51 71
TEST 105 ARG:30 58 60 43 52 18 7 26 46 74 90 66 20 16 76 48 97 0 6 59 45 19 92 3 32 33 4 29 1 94 68 57 55 96 85 73 81 95 61 56 65 69 91 67 34 47 71 37 35 42 83 54 49 53 11 41 9 38 15 70 39 8 17 14 40 79 99 77 25 84 64 82 24 21 50 89 88 5 87 62 12 75 78 31 22 28 93 2 44 27 36 23 86 13 80 72 51 63 10 98
TEST 106 ARG:5 2 46 92 18 57 99 33 53 8 73 23 87 89 35 82 48 59 6 9 47 86 1 40 69 71 3 97 70 34 7 64 44 52 51 60 39 4 50 76 0 67 49 25 77 27 91 94 58 37 11 14 98 22 88 24 19 75 42 32 29 83 74 15 16 95 61 79 81 28 84 31 68 10 17 66 38 26 65 20 13 72 30 12 90 80 45 96 78 55 43 85 56 41 54 93 21 62 63 36
TEST 109 ARG:26 97 80 99 49 67 22 41 16 81 2 13 8 10 91 47 15 90 1 98 69 93 55 89 84 45 78 62 23 37 35 27 59 60 6 5 40 58 95 68 44 46 19 31 92 32 88 0 43 71 75 53 82 52 7 9 94 76 28 42 83 12 18 96 70 87 17 77 86 73 25 66 11 74 64 65 48 30 57 54 85 63 61 38 20 29 39 21 33 56 50 79 24 14 4 36 51 72 34 3
TEST 111 ARG:4 93 92 83 39 72 12 46 67 88 57 54 42 74 11 56 96 30 1 25 21 32 2 63 45 27 60 20 84 43 5 81 17 76 95 22 9 75 53 16 24 37 26 19 8 80 82 48 69 66 98 89 41 7 44 18 36 29 33 55 6 65 87 28 77 62 94 47 71 85 49 99 64 10 78 13 3 0 50 40 73 70 23 90 52 14 91 38 58 35 79 68 51 61 31 15 59 34 86 97
TEST 112 ARG:83 8 29 25 37 62 89 48 81 20 44 33 88 77 73 92 46 26 56 23 64 24 0 9 3 84 70 72 82 67 31 36 43 80 93 22 91 54 15 97 59 30 57 27 2 63 40 7 87 68 41 4 5 52 49 79 58 50 39 6 42 98 16 55 60 74 90 1 94 75 19 12 18 71 95 10 14 17 99 66 32 86 53 61 85 96 76 11 45 78 35 51 69 34 38 21 13 65 28 47
TEST 113 ARG:15 11 0 5 9 30 63 64 40 77 98 33 25 93 81 2 57 99 78 14 70 37 90 8 74 79 61 27 46 91 13 62 59 94 41 21 50 87 86 52 72 80 18 10 96 4 31 43 48 53 71 73 76 23 51 42 67 85 3 16 12 56 75 35 19 36 55 58 69 97 66 17 92 54 28 65 39 49 88 84 6 47 60 89 34 32 26 24 1 82 95 44 38 7 83 29 45 22 20 68
TEST 114 ARG:27 17 87 64 16 82 36 63 47 58 22 20 34 98 4 66 9 95 48 52 32 73 90 67 85 28 88 81 89 31 97 57 96 13 7 38 29 40 83 5 21 93 69 50 62 6 3 60 53 55 18 70 25 39 65 68 23 8 79 44 0 42 14 80 43 74 35 19 46 75 77 54 91 45 12 10 49 56 41 30 61 78 37 24 33 72 94 59 76 1 11 92 26 84 2 15 86 71 99 51
TEST 115 ARG:57 3 98 89 93 40 95 19 31 92 4 13 62 53 96 39 70 59 35 66 97 94 71 79 21 76 32 30 91 75 41 67 1 55 69 44 37 80 17 34 74 78 61 56 0 43 12 36 65 16 11 24 68 27 20 15 87 48 60 47 84 90 82 83 33 38 49 99 50 14 52 9 86 73 58 5 85 2 10 42 23 26 45 88 22 6 63 28 8 64 72 7 81 29 25 51 77 54 18 46
TEST 116 ARG:27 84 59 82 43 23 72 89 69 16 45 99 22 9 95 87 62 51 40 63 30 19 55 0 70 15 37 50 93 17 66 73 64 20 60 8 2 52 96 34 39 81 54 33 24 83 53 76 65 13 97 28 21 74 94 1 38 46 3 90 32 92 12 25 48 49 80 67 44 79 31 88 91 26 36 58 6 61 29 14 75 98 78 41 57 56 77 35 5 71 7 47 11 18 86 10 42 68 4 85
TEST 118 ARG:27 3 86 9 70 30 8 99 34 1 98 51 36 84 5 23 95 92 35 61 42 64 21 44 4 33 66 43 50 2 22 0 20 31 83 15 45 90 85 32 56 12 17 96 60 7 65 39 71 48 58 68 57 13 72 59 40 11 47 6 46 80 24 53 38 41 82 88 75 87 89 28 18 77 10 78 16 97 25 49 67 29 54 76 73 63 37 94 55 52 79 93 19 91 14 81 69 62 74 26
TEST 123 ARG:88 17 39 97 25 83 98 34 2 31 57 76 46 82 12 74 90 37 13 14 27 80 53 5 41 72 67 36 71 50 56 78 42 7 62 32 20 68 18 64 9 43 3 75 85 69 52 0 65 4 91 61 29 23 63 1 59 15 48 94 19 16 58 99 84 11 55 60 30 96 87 45 40 79 66 33 24 35 21 22 10 73 89 49 70 26 92 6 93 77 81 86 44 51 8 54 95 38 47 28
TEST 125 ARG:15 11 93 7 79 47 78 43 64 17 32 86 12 60 94 26 75 90 0 35 6 44 82 54 8 1 42 91 13 25 49 85 29 9 71 58 30 96 63 73 74 22 87 76 67 89 31 14 37 34 46 5 38 10 69 45 62 16 70 23 53 24 72 57 40 51 4 18 20 98 50 3 28 68 83 84 66 27 39 88 80 59 52 99 97 48 55 81 92 77 56 65 36 33 61 19 21 41 95 2
TEST 127 ARG:95 99 8 62 22 96 70 25 78 18 79 98 55 50 89 41 72 11 58 27 14 42 32 81 37 80 97 92 7 61 91 5 93 10 31 13 66 73 30 44 1 21 67 12 19 60 39 74 94 43 68 69 77 9 24 36 86 4 23 46 57 64 47 48 28 26 16 65 51 0 20 35 15 6 85 34 53 59 45 82 83 17 54 63 2 52 75 40 38 33 90 88 49 76 3 84 56 87 29 71
TEST 129 ARG:90 61 88 44 1 86 82 48 24 53 72 45 80 17 7 66 4 75 35 46 55 62 65 92 51 30 43 23 29 68 58 25 64 31 63 22 60 74 83 56 93 54 49 9 2 50 69 79 18 34 27 5 38 91 10 77 96 36 97 73 16 42 76 21 52 12 81 87 26 32 84 47 71 8 14 40 98 28 70 99 94 33 41 6 3 13 15 67 89 20 19 59 95 37 57 78 11 39 85 0
TEST 133 ARG:16 56 28 66 59 74 99 51 30 25 8 42 72 19 67 43 75 50 94 49 47 48 33 24 9 90 54 93 52 38 57 88 73 85 15 60 58 92 95 55 7 71 40 64 70 82 76 63 20 21 12 31 27 3 87 77 17 5 29 2 65 18 79 13 22 37 1 86 14 80 78 53 46 10 91 44 62 35 97 23 34 41 83 45 89 26 6 11 98 4 84 39 69 96 36 61 32 81 0 68
TEST 134 ARG:67 89 3 38 97 52 17 45 31 81 62 63 36 93 33 98 30 87 23 10 88 40 72 90 74 59 54 26 13 25 85 48 44 68 9 4 7 12 50 66 47 43 75 79 83 55 19 80 32 39 46 35 1 92 41 20 77 42 15 82 65 51 91 24 56 96 16 95 8 5 70 84 28 11 21 60 27 57 2 18 29 69 76 0 14 71 78 53 22 37 64 6 99 94 49 61 58 86 73 34
TEST 137 ARG:92 1 65 37 83 49 18 41 3 79 76 51 85 27 67 40 98 23 50 7 72 44 4 33 62 10 96 89 20 16 29 81 73 87 88 19 59 53 21 24 75 0 26 91 36 68 56 34 77 28 54 95 22 64 46 74 78 2 17 99 35 55 86 61 9 66 94 48 60 5 12 47 57 15 58 42 30 97 38 13 31 39 69 90 6 84 70 8 80 14 82 11 52 43 93 32 25 71 63 45
TEST 138 ARG:23 84 3 11 66 98 4 53 12 31 81 2 37 83 43 42 85 24 5 14 18 91 64 45 70 68 36 47 51 28 10 95 92 52 96 13 44 50 56 9 30 99 26 75 69 46 1 74 20 33 65 25 59 0 67 21 97 86 40 38 49 63 57 48 32 41 19 82 17 58 89 16 22 62 80 73 35 94 79 54 93 88 15 87 71 7 60 72 6 8 34 29 90 61 39 55 76 78 27 77
TEST 142 ARG:96 34 81 35 95 85 91 86 74 7 15 28 70 20 99 67 2 69 52 92 40 77 53 64 50 6 84 82 1 83 5 46 33 97 73 78 80 22 11 31 37 59 16 72 21 45 49 57 54 10 56 87 47 38 13 68 9 66 75 71 58 44 19 60 25 41 79 55 51 65 43 93 48 17 76 94 32 30 90 63 23 88 18 29 0 36 61 62 42 98 3 12 27 26 14 89 4 8 39 24
TEST 143 ARG:77 40 81 89 73 65 98 94 17 8 20 74 78 87 9 41 12 92 70 66 35 5 83 1 45 56 34 26 50 68 48 93 7 88 37 13 14 57 95 72 54 91 96 38 76 22 28 27 25 69 36 60 51 15 21 75 3 32 61 52 10 42 24 80 55 43 58 49 63 31 71 53 39 79 46 99 11 59 23 64 86 62 2 19 84 47 6 85 33 30 90 29 0 67 44 97 4 82 18 16
TEST 144 ARG:97 99 20 88 56 61 5 32 26 3 12 39 46 74 77 60 54 9 52 68 16 4 36 14 76 91 25 48 33 72 35 73 87 86 27 19 92 49 1 30 63 70 98 18 75 8 22 38 67 55 90 53 65 15 29 64 24 69 85 42 23 7 66 43 17 13 45 79 84 94 89 47 62 78 31 93 10 51 21 71 28 81 37 80 40 34 58 0 82 11 2 95 41 50 57 83 96 59 6 44
TEST 145 ARG:9 95 90 53 22 21 62 87 16 60 7 73 44 72 4 6 0 96 18 1 78 28 84 83 23 70 92 79 69 56 85 61 67 98 63 35 39 86 93 33 31 29 49 12 68 34 99 11 19 38 51 91 32 50 82 43 54 2 80 77 37 45 42 3 75 74 25 89 10 46 27 15 40 48 94 81 58 55 97 36 14 65 17 41 30 5 26 59 76 47 52 24 8 71 88 20 13 57 66 64
TEST 147 ARG:31 96 98 30 10 68 40 14 80 83 44 6 63 38 57 35 7 15 19 29 12 5 92 32 79 90 93 39 73 48 64 71 81 28 87 78 76 1 21 22 18 11 8 43 69 54 67 62 49 86 77 2 65 95 70 58 25 0 41 37 45 27 17 42 4 74 88 85 51 99 61 13 20 3 97 16 91 50 46 82 26 52 60 34 47 84 66 9 24 94 23 56 72 89 55 36 33 75 53 59
TEST 148 ARG:73 82 24 60 71 56 49 17 45 48 22 26 87 23 85 57 43 25 35 3 10 46 37 83 12 61 84 0 34 90 53 62 36 11 77 86 63 32 76 78 39 15 59 91 55 8 70 79 38 13 68 4 81 94 88 7 27 67 42 16 2 50 95 80 72 64 66 65 75 58 6 40 89 20 74 31 96 69 99 97 52 5 18 93 19 92 28 41 29 33 44 51 98 21 30 1 9 14 54 47
TEST 154 ARG:49 27 36 55 34 40 96 98 52 91 88 6 7 10 58 53 24 67 83 85 76 47 16 18 43 41 77 84 13 61 26 54 97 81 92 64 66 90 20 0 78 2 5 60 35 63 45 17 19 30 22 80 93 11 79 4 51 72 86 14 65 33 1 31 37 28 15 87 50 23 48 42 46 3 74 39 12 62 95 73 25 9 75 69 21 59 94 89 68 57 99 32 56 82 29 8 38 70 44 71
TEST 157 ARG:53 26 11 25 77 16 99 17 1 58 54 40 34 18 56 83 76 46 47 49 29 43 15 92 70 0 66 73 98 87 79 95 7 3 97 21 67 55 48 86 10 30 39 51 96 88 65 71 8 12 72 94 19 33 60 6 5 82 61 89 64 38 85 24 42 36 23 35 28 4 37 9 31 57 52 59 14 93 80 81 62 78 13 32 84 63 20 90 50 91 68 45 2 22 75 74 41 44 69 27
TEST 159 ARG:76 81 68 25 32 30 83 96 66 95 97 40 78 22 48 18 87 24 50 6 93 26 0 57 80 44 34 17 55 64 29 38 37 47 31 94 92 98 82 11 16 77 23 61 52 51 46 54 69 84 89 63 10 67 19 12 60 8 28 71 27 85 74 4 79 53 41 36 99 58 39 88 15 72 62 1 75 49 42 35 7 13 65 21 9 2 70 86 43 91 33 20 56 5 59 14 45 90 73 3
TEST 161 ARG:95 15 12 63 10 78 24 66 56 83 97 38 72 61 23 21 52 41 18 42 0 53 76 44 40 89 8 9 80 93 94 2 35 81 29 47 51 57 19 32 62 96 20 73 85 28 98 26 33 60 75 74 64 22 30 79 88 77 90 13 14 65 55 92 27 4 91 71 99 16 31 43 6 54 50 1 84 58 11 25 69 59 49 7 45 70 82 5 34 17 3 36 86 87 48 68 37 67 39 46
TEST 164 ARG:71 46 60 50 86 27 15 90 4 35 45 58 96 59 20 51 10 61 89 79 11 93 3 12 97 62 6 98 55 75 78 9 25 41 13 54 88 24 68 2 44 82 29 64 85 65 33 56 73 69 74 47 19 31 34 30 0 16 22 87 95 57 38 52 37 28 49 1 7 77 99 26 8 80 40 17 48 94 81 43 70 23 42 5 91 83 53 67 36 84 92 14 39 32 72 76 66 63 18 21
TEST 165 ARG:95 32 8 22 1 70 92 73 41 56 98 65 52 6 38 86 36 27 45 88 44 77 79 19 83 51 81 96 26 54 90 12 35 15 18 63 58 75 21 14 60 23 2 40 24 89 7 31 78 10 93 25 50 9 4 17 0 3 82 37 80 46 28 13 34 55 99 64 68 57 59 53 74 48 42 69 91 87 43 94 72 49 20 5 47 62 61 66 97 29 67 85 84 33 11 76 39 16 30 71
TEST 172 ARG:57 30 10 71 3 40 15 49 18 34 25 31 11 52 98 94 97 64 44 8 13 41 67 38 96 56 43 47 5 78 9 90 16 84 50 37 79 63 45 42 89 58 60 69 95 53 0 55 81 88 70 80 22 33 2 36 75 17 87 92 19 99 83 77 4 82 74 62 24 21 65 68 54 1 48 72 46 35 91 39 6 66 27 51 32 85 86 29 20 61 59 28 26 14 93 76 23 73 12 7
TEST 175 ARG:53 84 99 9 91 34 85 42 69 88 65 38 48 68 89 96 22 97 61 54 44 47 18 82 29 75 90 52 20 21 79 32 95 58 56 15 86 80 67 59 73 93 26 13 72 62 16 83 12 24 33 45 14 10 60 3 51 70 40 64 98 25 57 55 5 0 2 92 28 31 36 7 8 17 49 66 23 46 71 37 63 27 19 81 77 1 30 4 74 50 43 39 6 76 94 11 78 35 87 41
TEST 178 ARG:3 27 12 6 4 41 52 82 58 60 17 46 86 57 89 39 7 29 19 51 26 16 13 69 68 80 92 62 91 72 48 47 71 34 55 44 54 8 79 75 81 40 35 49 96 2 33 70 76 5 18 98 42 38 74 93 87 32 0 15 9 37 21 10 20 50 56 14 66 95 63 36 25 23 67 90 83 45 73 97 30 65 85 78 43 59 77 61 84 99 22 94 24 31 1 28 88 11 53 64
TEST 179 ARG:74 80 11 79 63 78 85 21 73 38 8 7 71 72 70 68 37 88 77 64 18 76 99 46 97 12 69 27 95 0 56 91 54 25 83 50 42 20 26 87 39 98 41 66 15 45 30 57 58 55 59 81 40 84 60 1 48 89 47 6 33 3 5 96 92 22 2 9 93 23 49 16 4 14 44 19 53 82 75 35 52 65 17 67 43 29 51 24 62 94 36 90 86 61 10 13 32 31 28 34
TEST 180 ARG:25 85 8 21 9 89 5 53 19 22 57 4 86 42 78 47 76 80 17 87 79 41 65 98 7 82 12 52 59 58 43 34 31 73 83 35 77 27 69 33 61 6 14 62 37 13 66 99 24 96 39 55 40 32 81 38 48 50 97 10 94 26 88 44 11 54 49 2 91 18 84 71 92 15 0 45 95 29 1 64 23 68 36 51 56 70 74 60 3 90 63 46 30 72 28 75 93 67 16 20
TEST 181 ARG:86 74 7 5 21 9 22 73 12 44 80 33 17 35 40 14 13 53 72 94 67 95 34 26 2 29 1 24 10 28 64 82 79 15 8 52 63 76 89 97 59 91 84 78 46 47 60 45 27 90 87 23 16 58 18 85 83 49 96 92 51 50 68 4 71 36 77 25 42 69 81 99 62 6 55 0 88 75 3 39 70 11 48 56 54 32 65 98 37 38 20 57 93 41 61 19 66 31 30 43
TEST 183 ARG:55 59 10 1 5 88 65 25 4 29 57 43 11 80 73 98 99 56 63 2 91 48 9 8 23 75 34 51 35 90 71 37 87 68 94 97 15 21 40 27 17 31 60 33 89 42 64 74 70 67 96 13 52 18 3 26 39 44 50 66 85 7 61 77 30 92 6 72 22 53 81 38 58 45 69 83 0 12 19 54 79 24 78 28 62 49 32 46 16 76 41 82 95 84 14 47 93 36 86 20
TEST 186 ARG:8 2 12 97 76 51 43 34 11 72 26 25 4 39 66 62 6 40 84 28 81 17 69 41 58 24 82 42 15 93 0 85 37 99 90 38 45 35 71 67 3 22 19 14 36 88 77 57 32 9 1 55 63 74 31 47 70 18 87 52 44 59 30 56 60 53 50 80 46 79 20 78 68 96 65 10 13 7 73 95 49 94 83 61 92 98 5 75 64 91 21 27 29 16 54 89 23 33 48 86
TEST 187 ARG:85 43 27 82 74 94 1 57 87 8 78 41 95 80 12 59 6 3 13 49 83 7 91 64 33 29 5 56 86 35 47 71 37 16 96 42 20 46 73 55 70 14 88 66 31 36 18 39 60 10 38 40 28 72 90 63 44 4 65 89 53 2 69 50 81 25 51 77 21 92 15 62 99 45 9 54 22 17 67 52 30 93 79 11 26 84 48 19 34 76 75 0 24 23 58 61 98 68 97 32
TEST 190 ARG:44 80 67 40 95 17 32 22 61 81 64 85 88 53 91 86 9 56 77 33 46 92 66 18 36 57 94 50 16 29 70 10 74 62 5 58 76 82 21 14 38 15 19 8 4 47 54 0 99 72 68 25 87 13 28 93 89 34 90 71 2 96 79 78 31 55 6 1 45 12 83 97 37 3 42 60 7 49 20 23 75 26 59 27 43 69 24 30 52 41 65 39 11 98 84 63 73 48 35 51
TEST 194 ARG:87 76 16 81 1 51 21 13 78 3 56 15 19 85 28 38 8 34 58 48 41 7 74 97 18 99 27 75 98 94 37 89 84 20 92 86 23 63 49 66 42 33 80 24 53 31 59 44 35 40 79 90 43 62 9 11 55 4 91 30 61 12 26 25 93 95 10 29 54 14 82 65 0 88 5 73 46 77 47 39 72 69 32 57 64 96 67 6 22 83 36 60 2 17 52 68 70 71 45 50
TEST 195 ARG:95 62 35 41 34 1 11 10 69 59 78 76 46 72 44 27 90 56 67 50 45 57 74 9 5 94 24 36 18 83 26 47 82 12 8 54 31 43 38 0 7 51 87 77 63 32 39 29 84 23 89 73 71 66 53 75 52 58 42 70 3 2 14 93 30 37 6 79 96 20 99 64 65 25 21 91 48 49 81 33 61 19 22 80 28 98 55 4 13 16 68 97 92 60 40 17 15 86 85 88
TEST 196 ARG:57 77 25 68 86 89 39 91 65 11 78 88 10 19 46 21 31 30 92 51 54 37 35 48 26 60 32 0 83 4 75 55 33 5 63 79 6 96 62 61 72 82 20 93 52 43 12 3 34 13 94 71 15 38 16 99 98 67 29 1 42 53 44 59 58 76 14 24 81 73 47 17 56 97 8 41 66 28 64 95 36 45 22 49 40 69 27 87 84 80 90 9 18 50 70 23 2 74 7 85
TEST 197 ARG:22 8 14 49 38 44 93 46 19 96 10 32 70 55 89 99 11 35 58 82 90 76 41 92 86 71 43 61 56 97 98 80 24 83 4 65 87 33 18 66 60 72 1 84 21 54 50 53 23 15 42 94 30 36 2 39 45 62 40 16 20 0 69 74 81 25 34 67 75 6 26 73 59 91 78 63 12 77 37 13 57 31 88 47 52 27 95 7 29 68 17 28 79 51 85 9 48 64 5 3
TEST 198 ARG:35 77 37 55 2 96 17 74 10 0 58 66 27 39 18 92 5 49 19 62 79 89 84 57 20 32 87 16 60 88 78 6 48 86 30 29 95 22 7 51 82 40 63 26 14 72 76 43 3 12 4 98 24 83 1 28 25 45 36 41 11 61 52 81 93 9 67 73 71 91 80 34 94 33 23 50 53 21 99 15 69 70 44 31 90 97 75 47 54 46 42 56 13 85 68 38 65 64 59 8
Multiple size <= 500
TEST 1 ARG:-120 97 -79 -173 -64 190 3 -186 27 58 224 -182 25 92 234 -184 -171 -223 -211 -158 -196 -112 -68 144 -106 115 -8 -159 118 -66 64 -174 110 -129 -87 -27 -47 -18 -12 -154 -191 -149 23 -40 -97 141 62 -152 -81 50 -63 -218 -107 193 -212 -228 5 -240 -94 139 98 -216 88 -249 138 -57 -165 203 4 69 -52 93 -114 -32 233 -37 -241 -82 15 -210 130 35 54 -188 52 19 -131 -151 -175 -192 -2 -98 132 223 -46 -150 -142 -189 -50 -24 -19 156 -227 -205 -95 -51 170 -88 55 166 -33 -229 71 -138 -195 16 151 201 -167 -130 90 -10 -121 8 155 -101 -144 39 11 -185 119 7 -117 -231 -34 217 -236 -60 43 207 241 -119 183 189 -166 -187 -55 -215 -5 -139 168 120 -7 129 -17 -54 188 171 -226 152 -204 239 182 -161 225 -77 167 -13 220 247 -162 -14 53 -233 95 177 -178 -207 -209 143 12 124 238 29 -4 -213 -25 131 2 -84 123 212 205 111 -245 -22 -172 -16 59 113 86 -155 79 -11 214 78 104 30 202 -116 -239 -133 192 219 100 174 -72 17 89 229 122 -234 56 -177 -148 -56 245 102 40 -42 125 -110 206 181 9 -67 -65 237 70 -103 -3 0 -113 33 180 37 -1 107 38 127 179 48 134 121 222 -92 -53 -108 194 -160 -29 -156 135 49 145 169 246 83 -100 213 82 248 51 -200 57 140 -203 65 -31 235 197 13 -153 191 66 24 -176 165 178 -74 -49 34 -163 128 42 -126 -199 231 -73 -62 153 109 -36 73 -76 209 67 -224 -225 -85 80 244 -235 -39 -157 -115 -214 44 112 -45 -30 75 -248 1 150 126 105 72 -164 -35 242 -123 -180 74 14 -206 211 195 -71 -243 163 -44 -41 76 22 210 -132 -93 196 -145 31 -75 228 -250 94 -217 -247 160 -70 87 -221 136 -244 147 146 -26 -28 101 -135 61 45 236 142 -237 108 -183 199 184 81 -198 -147 -168 -136 -105 158 164 159 243 157 -109 -61 -127 106 218 -20 68 -80 -220 -170 18 -78 -99 103 149 21 -232 -104 161 249 148 -128 -38 -9 -194 232 10 200 -102 117 -21 -48 91 28 -193 85 32 175 198 137 84 -90 240 36 176 -137 -140 -122 -118 -86 99 227 -181 -197 133 215 185 46 216 -59 162 77 226 -134 114 -83 60 -69 -208 -190 47 -202 204 -15 63 172 -143 -169 187 -246 230 -242 -141 -43 221 -23 154 -124 -219 186 -89 6 -230 116 -179 26 -201 -238 20 -146 -58 -222 173 -96 208 -111 -6 96 -125 41 -91
TEST 2 ARG:168 -175 143 72 -133 -176 -70 -138 220 -235 -25 -132 133 201 -85 43 229 -43 -55 -150 244 66 -180 -217 -201 167 -58 190 -139 -2 -56 113 182 -197 137 -155 -228 114 -126 83 249 -99 -181 -32 -17 5 -41 -143 -90 54 200 206 145 -244 198 170 88 169 248 -26 -31 -62 -66 79 -106 98 35 185 193 38 187 109 127 -95 71 150 195 -173 192 -122 -98 202 -141 -14 125 -7 -231 -38 -127 21 1 15 -215 240 -50 -52 59 -101 225 76 247 204 61 -107 212 16 -242 -125 -12 138 -116 139 147 154 29 -167 136 116 -229 28 -189 -145 -232 -162 101 142 -96 -68 84 -97 -203 -93 85 -60 245 -13 177 155 -221 178 -16 -219 211 -33 40 -159 -163 94 122 126 -158 -236 -82 30 128 -100 123 -128 23 -148 -202 -28 215 197 -200 32 -37 -157 -151 176 -164 13 -210 39 10 -24 92 26 -30 209 179 -129 216 67 -140 -168 227 160 82 -241 -178 -196 90 -170 -211 97 96 -179 52 -206 69 213 -124 65 89 -154 37 -105 105 -225 81 -65 235 -182 -113 110 24 -49 -11 4 -73 -208 -146 48 112 246 238 12 -76 46 -223 -86 191 74 42 -35 80 223 -51 -240 166 135 -191 -10 -20 45 34 130 -224 -250 181 -246 -119 56 -193 153 25 70 -174 241 243 -205 50 -72 -218 -91 68 161 -45 -165 -120 -161 -135 49 162 19 -103 -3 41 -92 140 18 -115 207 183 208 -87 -237 -78 -204 -27 -18 -21 -152 104 -226 91 6 -121 -199 87 -63 159 95 234 60 -22 8 -137 -83 22 -109 228 -209 -184 119 111 -81 -172 -36 -74 -220 -134 86 0 78 -212 242 -88 194 -8 141 164 214 163 75 217 158 146 156 -39 -44 -75 -80 -245 -186 64 -192 -247 3 -239 226 -29 -108 151 11 -216 203 210 -238 -249 77 -117 221 132 124 -9 108 -136 -234 -142 -5 -118 -69 44 -53 -123 -188 93 199 171 -130 51 231 103 -71 224 14 232 152 36 -4 -171 173 -194 63 33 -166 -195 -57 -213 -156 129 -177 188 -153 131 -6 184 -190 196 -54 -77 47 100 102 222 -110 144 120 -34 53 20 -230 -144 -114 -46 -111 57 175 107 -222 115 236 -185 62 -64 -84 99 -59 31 -131 58 -207 55 -160 118 -169 17 186 -183 189 -1 -94 -214 73 2 -23 239 -42 148 -149 7 -67 -48 230 165 -187 219 -19 218 106 -147 121 -112 -233 -227 -104 -248 -89 27 -40 157 134 -243 -47 -102 -61 174 -15 149 237 180 205 -198 233 -79 117 9 172
TEST 3 ARG:95 129 189 -53 138 127 125 130 -183 219 -71 -20 191 176 -218 -230 -45 44 169 -37 178 -99 202 -206 -163 -8 -7 93 51 26 73 159 -187 223 -10 -240 145 -212 -132 -135 -161 -202 1 -191 -233 -90 139 -68 88 187 -124 -36 152 -175 218 -200 -171 16 74 -159 203 133 149 82 -62 -113 -174 -108 54 -160 -14 -19 -41 -182 -142 -109 -216 56 -232 -63 -241 -188 -235 153 -229 186 -123 -112 -120 -169 -168 -119 136 164 -26 57 -249 55 -220 -59 -221 183 20 -234 194 -48 157 181 71 91 -85 90 -93 147 155 204 61 161 -185 -57 148 -91 -101 -219 216 -9 19 -11 -24 17 -60 15 227 193 -236 -189 116 43 -215 85 -193 -122 -61 -129 162 -203 168 231 -224 34 195 240 244 173 -110 128 -78 158 76 -66 171 87 239 42 201 -32 196 14 -28 53 160 -209 -29 -148 104 -134 -210 -199 124 96 27 100 -75 -65 -198 -35 -111 -30 103 142 -77 65 246 77 236 -130 -94 -118 -103 -176 -89 3 -33 248 11 67 -247 -140 -211 -207 -153 -15 -100 92 -201 -25 -115 111 -145 117 -172 8 -214 -170 192 37 234 -16 0 -4 -136 184 199 -243 177 165 13 -150 -156 -125 -245 210 188 -3 211 154 49 126 -34 97 118 -190 212 174 -104 69 45 200 -157 232 -84 245 221 22 -43 94 123 -213 -69 -158 -225 -40 -1 105 -138 -195 -228 -6 29 113 -248 -106 83 -133 59 -121 143 -97 36 -31 -162 23 170 115 -17 222 -83 75 -151 -23 -222 -49 38 -39 -155 -173 205 -166 86 249 -46 -95 -116 -72 -73 -165 -141 229 112 -250 206 50 -52 35 -13 99 146 102 -126 -231 238 208 247 6 134 81 109 141 207 -87 -164 -146 58 237 140 4 66 242 233 -107 -127 -217 214 47 89 101 -44 -246 -238 209 7 -58 5 -82 10 -56 225 -27 -74 120 -223 166 -181 119 121 179 72 -5 -88 -242 -227 -204 31 -47 -92 144 230 217 131 -2 -12 2 -196 -139 -70 197 63 -205 84 48 9 -38 -244 -96 33 40 151 -79 -184 224 -147 -237 167 215 -64 30 25 -114 -18 -192 108 -102 -86 -67 132 80 241 110 175 -239 46 28 -197 -194 190 -131 -21 -54 79 -42 198 32 70 -178 150 -22 226 122 185 52 -154 163 -81 -128 24 156 62 64 -149 12 -98 135 107 -51 -117 -105 -144 -167 106 68 -55 -152 -226 220 -208 235 172 -180 228 213 243 114 -50 -80 60 -76 21 98 39 -186 182 180 -137 41 -177 78 18 -179 137 -143
TEST 4 ARG:-75 -153 28 -221 -191 -230 0 163 25 -31 201 -174 -166 170 -50 -3 231 -1 -145 80 -128 133 -17 18 -227 57 -121 41 -158 -207 218 58 -48 26 -139 174 -235 156 33 217 73 -24 216 -73 -13 199 -152 92 242 127 7 71 -63 165 27 224 -16 -82 97 47 149 186 -129 -36 -59 -117 -156 -245 193 137 -27 32 -241 -70 107 -114 -57 48 89 -80 -81 192 54 172 204 -217 -67 -216 -40 70 -136 -32 126 101 40 -222 13 -175 -214 14 -87 1 142 128 191 16 196 -33 -232 138 104 -148 176 105 -19 220 116 124 -140 -95 100 132 -29 -93 52 -228 99 222 -51 42 -49 121 147 -155 109 -220 230 125 -102 -110 180 83 -37 17 -201 -182 238 -170 158 -119 56 -78 -23 60 -122 44 195 233 29 -6 232 -199 -202 82 -210 -131 151 -44 119 159 166 -209 -204 63 -104 214 183 -18 148 -52 -229 190 -62 76 203 205 94 -90 -138 -28 -246 -42 197 22 -92 -30 55 -103 175 24 21 77 130 2 249 103 -125 131 -89 135 31 206 -124 5 167 -45 229 102 10 -181 -164 -239 39 115 211 67 -142 -146 50 -169 -46 207 -178 227 -68 -133 -54 -171 245 184 145 -115 -180 -83 209 -127 120 -194 143 -233 -43 -12 164 177 111 79 188 139 -69 -94 -205 171 -197 -135 -249 -218 15 -137 -195 202 62 -10 221 113 -65 6 19 -107 112 -242 -2 169 -238 152 237 78 178 150 -167 72 -14 -213 157 179 146 -55 -126 208 -109 108 -26 85 -72 -9 -190 -108 246 239 185 -189 122 136 -132 123 187 -101 23 -58 93 160 -77 162 -154 36 -60 -187 -118 -112 66 -8 141 118 -163 -188 181 154 -20 81 -172 173 106 -96 144 -186 53 182 -5 -200 46 -161 153 12 194 59 168 -34 -248 -100 -149 -208 -231 -223 90 -143 247 -183 96 84 155 -86 4 30 213 74 244 -88 -193 -168 -224 20 -38 91 -215 -22 -21 88 -141 223 -173 236 -211 -91 -159 -212 -41 110 9 -7 -66 -165 -74 -99 240 -244 -240 215 -76 -113 -4 -185 -71 49 -206 75 -225 -120 -84 -134 -64 234 95 225 -243 235 228 161 114 69 -226 11 -234 212 -192 -147 -85 -15 -157 51 -97 -144 -150 200 -35 3 -179 -98 226 65 117 -151 -236 -162 210 86 -79 -47 -25 -39 98 -250 38 -53 45 43 243 189 34 -61 241 -247 -176 8 198 -11 68 64 -56 -105 -111 129 87 -123 248 -130 -116 219 -160 37 134 35 -184 -106 -196 61 140 -237 -219 -203 -198 -177
TEST 5 ARG:-64 224 -200 214 104 11 -1 -162 210 181 -215 -153 129 -97 169 -96 -23 -53 176 68 237 -118 55 -216 20 100 -139 44 -226 54 130 -205 222 -133 167 -154 195 183 -51 -196 -163 247 36 92 -248 -218 103 107 -134 -69 -152 -165 179 165 172 141 -142 -209 -190 94 168 -91 -55 -141 48 150 -175 -237 162 157 -39 -242 133 111 -232 62 -90 -132 -112 43 175 153 86 -7 -164 -117 132 -213 -73 229 -140 -119 187 198 212 -170 -234 185 -182 -183 -105 163 -199 -158 171 154 -58 -126 206 149 6 152 -14 -181 -195 -221 -210 -169 -206 98 -106 131 -52 -74 12 209 161 -17 243 -94 -124 78 200 -123 -204 189 184 139 -85 166 -136 -20 -77 205 38 -78 -227 89 -207 70 194 204 135 -240 244 -100 197 -230 240 108 56 192 23 75 -19 124 -45 -125 -245 215 -102 57 -114 -24 115 -12 84 25 -63 -212 208 28 173 231 -25 -247 -32 -88 -40 151 -173 30 7 49 -35 -146 -235 -8 13 26 144 -249 -121 -180 -188 -116 170 174 34 -185 232 -11 201 -103 -167 64 140 15 27 1 -120 245 235 -13 -223 -238 -6 186 109 147 116 35 226 -131 -144 88 -43 223 236 238 221 3 -98 -127 -231 74 -41 117 -95 -130 97 63 -135 -31 122 -228 106 242 -137 50 -36 -219 18 -57 213 -150 -115 72 -89 9 5 207 -82 112 -56 158 -16 241 -111 -148 -84 -174 -110 80 -62 -27 95 138 248 -33 203 -50 234 218 -38 -143 -83 -30 87 93 -10 41 219 -191 -160 -177 -86 -54 -214 -68 -241 -107 134 -60 -192 -71 90 -220 -202 142 -189 246 -178 17 91 145 -79 -184 193 -243 -70 -5 -194 73 -22 -15 -145 199 -236 58 101 67 -44 -29 -179 46 159 29 137 -92 53 85 -61 190 83 156 33 146 -250 2 110 -156 128 -42 -108 191 -34 42 -47 119 120 -49 47 102 233 105 -99 45 -3 -72 51 -197 8 196 113 160 239 10 217 -171 -81 82 216 202 77 177 -18 230 -157 -198 76 188 -9 -222 114 -176 -246 16 39 -161 -76 -225 21 123 59 -93 -87 121 71 -113 32 -28 -67 -101 52 -21 -233 -48 61 225 0 -122 211 -149 40 -46 143 22 65 81 -26 -186 -239 96 178 182 -65 -224 24 148 -229 19 -217 -2 136 -109 37 -208 164 -151 66 -147 -187 -37 -193 -211 -166 220 -168 69 60 79 125 180 -244 99 14 -104 127 4 -66 -59 -138 -203 126 227 228 155 -75 -128 -201 249 -129 -155 118 31 -159 -172 -80 -4
TEST 6 ARG:58 -190 45 -231 -169 -174 65 -71 -2 -31 248 242 -62 187 147 98 -123 -138 -196 184 11 74 -187 185 132 -104 111 -178 195 -116 -38 227 -208 -179 91 40 150 32 -177 -140 -122 -121 55 238 158 -182 140 231 -39 -18 160 -127 -55 -142 130 183 -244 -37 -24 -11 105 -204 228 -230 197 -90 -1 235 -152 -87 -148 129 5 4 200 -51 -227 2 135 64 -139 -185 145 -52 16 -57 208 159 176 -199 -161 106 119 -191 70 -118 -86 131 149 -224 8 -33 -100 212 226 -233 -147 -19 -120 193 34 -43 115 246 54 171 244 -117 155 230 -163 -68 -17 -133 -16 60 181 39 -175 -89 169 -132 203 42 -214 146 -131 -215 25 -203 -36 53 -106 -157 239 188 201 -238 186 -29 173 -23 -155 -9 24 -149 -80 -223 -226 -113 12 69 177 95 233 88 245 -146 -247 -248 81 166 89 122 -12 194 28 -114 -162 14 100 157 49 0 6 168 -14 46 240 -56 -236 219 217 80 -67 -243 62 -105 249 232 -103 -201 -154 -69 -45 162 -8 141 -150 -181 164 -7 -216 -85 225 75 52 124 -75 153 142 139 -198 -211 -246 -28 -10 -160 192 -53 1 85 -119 237 -94 72 -107 -200 -229 86 128 -81 3 -101 56 44 104 117 15 97 207 -4 215 22 92 -195 123 99 136 -225 51 94 206 -83 -193 133 -141 108 165 -165 17 -49 -218 -126 113 110 154 -189 221 -176 -205 -239 -172 -213 214 -25 -217 66 101 -166 -72 204 210 -212 93 -188 189 174 31 -167 -192 109 -228 180 19 61 78 229 -34 -30 -210 -180 13 -60 -40 127 -65 163 37 144 222 -78 -92 -63 -41 247 -66 87 10 -21 121 -151 -59 59 148 -156 -6 -144 -184 77 48 -35 241 41 -111 36 -242 172 -250 -99 43 179 161 73 -245 -235 -3 33 -249 211 -128 102 107 156 -173 224 -164 -125 23 -54 -97 -222 -95 112 35 -194 213 63 -91 -76 27 -50 -168 -22 118 -73 175 -47 -183 152 90 -170 -42 -27 -219 -115 30 26 167 134 7 196 -77 120 -145 -232 -153 -64 -241 138 -237 79 243 -197 125 -110 103 -206 38 199 143 218 191 -234 -134 -13 -20 9 209 -84 -135 -82 -32 67 -129 -207 84 29 -143 83 -124 -171 -74 220 202 50 -130 -48 -93 71 -220 126 68 151 -136 -158 96 -109 236 170 205 -88 137 -58 -102 -159 20 114 -61 -96 178 18 21 -240 -5 -186 -112 198 -26 234 76 -79 -108 -209 -202 190 -137 116 -44 -98 182 82 -221 216 57 47 223 -70 -46 -15
TEST 7 ARG:-115 6 105 -127 -27 -13 113 217 2 170 -159 144 162 -126 137 102 165 56 229 -148 24 -216 90 55 73 -197 -55 71 -165 -131 -5 30 -85 -21 -50 -52 -106 109 123 230 -9 -155 -48 -116 157 -194 -247 146 141 180 183 86 -100 184 -30 147 175 246 178 -231 43 -222 -20 -134 200 -158 172 -143 52 -128 -60 201 -15 167 -78 -171 38 222 34 -218 111 -238 -177 36 -192 -45 211 40 -110 108 -107 186 245 94 13 124 192 131 243 -201 236 64 15 -87 -150 66 -123 213 -133 -138 -154 -145 233 -172 31 0 203 189 -226 -140 -58 212 -46 44 -62 62 82 -139 74 -82 72 -175 -103 -241 -101 249 -88 -120 -79 199 241 240 -23 -35 -19 -33 53 48 164 181 136 18 198 12 115 153 -211 224 118 17 216 -182 103 50 114 125 -167 -124 -217 -195 11 47 -18 207 -206 5 160 57 -26 -246 -44 -117 49 173 226 -65 138 202 26 35 179 127 238 154 23 187 -236 110 -16 -208 81 -8 142 -144 208 -121 -49 -239 -61 -37 -53 215 -67 -233 235 -57 135 19 -213 -180 -81 -3 -204 -54 77 37 209 46 104 -95 132 191 -72 45 128 -38 140 -36 -181 -42 242 -76 3 -40 149 -114 69 177 84 -75 -109 -56 -200 51 227 -157 -4 -174 -93 -122 54 -39 145 -11 -227 25 195 75 93 78 120 220 152 -242 -112 -250 -221 -234 119 150 -190 248 67 -89 14 -186 10 58 106 -189 163 -215 156 -202 -22 237 -111 -147 -214 214 -77 -199 -230 -102 80 96 -6 -84 247 117 -28 -132 159 122 -113 -91 -183 39 204 89 85 193 -66 133 -83 -185 -32 221 -235 239 139 -193 -153 8 -99 -220 -10 -136 -25 121 16 42 68 -137 27 -68 166 197 -170 92 83 97 169 -70 155 59 194 -146 -151 63 -229 -73 -141 -152 70 188 -149 -212 168 -31 -237 -90 -168 -135 -71 228 -96 -130 -240 130 129 -207 1 116 -118 143 33 -17 -142 -51 101 -63 -243 -34 205 79 -74 -219 88 219 -129 22 -2 -24 -188 107 -198 -164 -184 7 -166 -14 134 -205 126 174 -80 60 185 -225 -125 -163 -187 158 -105 -196 -210 -41 -248 95 210 182 -47 -160 -209 112 100 32 -203 20 -59 87 151 -12 65 -29 29 148 76 9 -97 61 -176 -92 -69 -108 232 -162 161 176 91 -232 234 225 -43 -119 -64 190 -223 171 99 41 -104 -86 -178 4 244 -1 231 -94 -245 -169 -228 28 -7 -244 21 206 196 218 223 -179 -161 -249 -173 98 -156 -98 -224 -191
TEST 8 ARG:-67 183 19 248 -137 -24 179 -41 -35 -191 146 -74 53 -59 32 -213 22 -143 208 142 149 -103 -226 -190 -167 69 -97 166 -23 39 -87 26 189 -38 195 -94 143 182 -76 -5 128 200 234 86 -96 241 37 -136 16 181 -222 244 157 -13 -155 38 212 -29 -64 187 -223 -89 -246 112 33 14 27 243 -26 64 -50 -241 206 -199 -135 -10 -208 196 116 -189 -22 141 25 -77 -175 184 -3 94 12 247 -112 -82 148 236 -70 240 102 -91 -149 168 -158 -228 -202 140 3 72 127 -212 209 -206 138 35 164 237 49 -140 -229 -160 -104 62 80 -9 -163 219 52 71 18 -52 61 -142 -237 -181 -215 158 -176 -209 -20 45 198 -56 -39 120 -71 -179 194 -90 -16 -166 -98 134 121 190 -157 238 -183 -180 57 67 -133 -61 144 -101 -95 68 224 226 42 239 21 153 -7 155 -123 -46 152 -198 129 -86 100 -72 -102 211 229 215 58 223 106 -207 169 -247 10 70 56 108 -108 -125 97 -171 -119 -131 95 -122 -63 -204 -161 -73 -147 -58 -92 -139 170 -127 -177 222 161 -231 -34 214 -128 176 -118 -178 133 109 -216 -188 -14 -195 -196 -75 107 46 -17 -134 218 -15 -19 28 -182 -205 -210 -47 114 -68 55 -174 -154 83 113 -193 76 119 50 186 -57 -25 29 191 -113 74 163 5 232 -230 110 -203 210 126 175 174 203 193 -220 -130 -106 -81 73 -88 227 -233 -60 -126 -42 90 92 -164 -27 -1 228 101 9 225 -225 105 60 79 103 -194 -115 47 -62 132 6 -200 -54 91 216 -100 -148 197 -145 30 -111 -141 7 -44 -93 -224 98 20 78 -116 -239 -32 160 88 -40 -120 -129 -192 -146 139 233 -110 -173 13 89 246 -197 180 75 -117 -185 -151 77 48 -244 204 85 -43 118 165 99 -109 245 81 -80 82 4 131 201 8 -48 104 -153 -65 -2 11 -53 -45 -33 54 -132 135 -238 -227 150 230 221 -69 -30 -211 124 34 -218 2 -236 207 -235 154 -159 -21 178 -232 156 24 63 -168 -187 111 -84 -217 93 -201 185 17 -55 43 -79 192 -170 -219 -18 202 -214 -28 -8 -49 -242 -248 242 -240 -66 217 1 137 -169 159 -250 23 -85 40 -31 -36 -124 130 65 -221 213 84 231 -114 147 -144 96 167 15 -138 151 117 172 0 188 122 125 -83 36 115 235 -105 -51 -234 -107 -245 136 -249 177 171 -150 162 -152 66 87 145 -172 -37 -12 -243 -165 -186 -99 -6 31 -78 41 -121 249 -4 -184 51 199 205 -162 220 173 44 59 123 -11 -156
TEST 9 ARG:107 -12 -97 142 158 119 60 85 -26 -111 -5 139 19 -13 196 -24 114 49 -48 105 -43 37 185 -197 144 235 148 150 -52 -122 -229 -51 201 204 -166 168 -217 -6 -202 169 -180 -76 -224 -191 -148 -2 194 -219 -232 -246 -172 15 -91 222 -42 56 -199 98 92 -95 -131 -104 160 -54 -33 -218 122 -25 -214 -190 -8 236 44 -150 128 -82 -173 25 163 -185 78 123 215 -174 -69 141 84 -74 241 -86 113 -211 91 231 -99 -87 39 -77 -112 35 110 22 245 9 157 4 -163 -138 -244 -32 -207 87 81 -238 -176 31 -241 -175 -59 240 -93 195 -145 -231 -187 10 220 152 -230 77 -226 -204 17 246 244 83 -216 -64 30 -127 -4 -73 -63 -136 -144 109 140 230 -50 -96 -121 -90 172 47 79 198 -129 -30 -250 -123 207 -22 174 143 75 -102 -161 -62 182 -80 -133 -158 -114 -46 165 69 -68 -44 24 -113 -27 -239 234 -100 -186 212 1 -19 -119 82 232 96 86 210 126 13 5 225 242 8 -118 -201 -135 -236 -81 -159 46 3 33 18 36 -137 147 -225 118 229 134 51 62 -49 -101 211 50 52 213 -223 217 161 -60 -203 214 176 131 -168 -234 -45 -165 -47 170 -179 -157 -227 162 -84 40 164 197 -196 -193 117 -98 29 130 -29 124 -182 -83 -67 -17 184 59 -9 186 247 190 149 108 0 16 216 173 133 45 125 -235 -75 -205 11 -200 206 104 151 -192 -154 -72 -23 -3 -188 99 155 188 -130 95 209 64 -41 167 -109 65 237 249 -240 -198 -58 156 -85 193 73 -115 -21 48 146 76 202 -108 221 -139 -31 57 -15 166 -79 74 127 -221 -57 -65 106 218 136 -35 -215 -16 6 -117 58 -105 -143 54 28 121 135 -156 -71 129 -141 23 -208 154 111 -11 -94 32 112 -212 27 -106 97 -213 21 -171 -177 42 -195 181 34 -34 179 -243 61 -1 -209 101 2 -134 53 137 -206 -233 66 -88 183 -92 200 55 -37 -14 -248 -222 38 80 102 -247 -155 -142 -210 180 -153 -126 -39 -151 -140 -61 -220 -128 203 -89 132 -164 115 71 191 159 -149 -242 -124 248 89 -146 -249 120 -167 -169 -245 -228 -70 -132 -170 226 41 68 138 26 103 -10 -194 -125 243 177 43 -110 -237 -183 -36 94 90 -55 12 14 223 72 93 -120 233 205 -28 -18 -40 -189 -103 -66 175 227 208 -78 -147 63 -107 20 -181 145 -152 70 192 224 -20 88 67 153 -162 238 -178 -56 -116 -7 187 7 239 -160 100 219 228 199 -184 -38 116 -53 171 178 189
TEST 10 ARG:124 193 -186 173 -43 -178 148 -63 -106 -239 -11 -209 -19 53 114 8 -187 -148 27 113 100 151 92 -189 -219 -38 -182 39 -62 -136 9 -161 123 134 -67 97 44 126 246 159 2 237 51 -129 -69 241 231 -40 179 -41 -208 117 -101 164 192 236 -226 -34 -74 24 42 -86 -92 -116 -173 119 -184 -237 -82 -205 -109 189 -200 -149 128 79 248 0 185 36 -47 228 88 130 -79 -95 229 112 222 94 -201 -91 135 49 -139 217 30 142 141 101 -37 -77 172 -8 -100 108 3 -4 93 210 -197 215 -133 28 182 18 -31 80 -150 143 38 -190 211 66 17 104 216 -80 -81 -61 -177 -123 227 -18 -246 -33 102 41 -180 -42 23 188 50 -103 154 -172 11 224 68 86 -122 -147 87 19 -203 -90 -48 245 190 226 -230 166 -104 -46 -167 -49 -72 -195 -28 -88 125 74 -222 -45 -225 -137 -27 175 -121 20 207 95 -51 -30 168 -66 103 22 -166 -102 82 247 -53 -241 54 52 -238 162 -68 -165 89 144 -111 235 -36 -164 85 -24 -223 174 197 -117 21 -198 233 -126 -204 129 71 183 -10 -127 -145 -217 -140 37 200 116 -107 -191 225 -171 -128 -202 -112 -218 232 -250 -247 -29 55 122 219 32 213 -175 -83 249 -229 34 -32 -158 223 -216 -6 198 -50 240 138 209 -194 -192 -1 -244 -170 57 -146 131 91 12 -73 56 1 146 -151 -20 176 136 153 -17 73 83 77 205 214 -60 163 -76 -163 -213 33 -141 127 156 -98 6 -221 67 -110 199 -142 -132 58 -57 -16 84 -130 234 169 59 -7 4 -120 -118 -212 204 -243 109 -179 35 -206 -234 -242 -248 -143 -94 201 48 -154 161 -2 15 221 178 46 -44 -232 -115 -231 -152 195 -14 -96 -236 107 61 -160 132 150 -124 -159 -25 105 -245 65 -114 29 202 165 63 -240 -93 181 -15 -64 230 -75 40 180 -125 243 43 106 111 184 -207 157 -58 171 -22 78 96 62 -215 -52 5 140 -26 118 186 206 218 208 -157 -199 239 -138 -89 98 26 -174 -59 191 -156 -176 -188 10 -228 69 196 120 -9 -220 60 -99 -35 -23 -144 115 75 220 -70 81 -185 -134 158 90 -214 -3 45 -84 7 72 133 170 145 -233 -131 -54 -65 139 -56 -78 76 238 203 -168 -119 -153 14 -108 -13 99 -97 137 -235 155 25 152 -135 160 -162 -155 194 -169 177 -5 -249 187 -196 244 31 149 70 242 47 121 -183 13 167 -12 -181 -87 -113 16 -227 64 -39 147 -55 -211 110 -71 -193 -85 -224 -105 -21 -210 212
TEST 11 ARG:-198 99 76 196 184 -242 107 205 119 30 52 -156 -60 -239 51 -224 165 47 12 89 -233 -93 232 -81 -17 -7 -173 56 19 77 -54 203 -121 -76 182 87 -75 155 -158 174 -25 -201 -91 -71 -122 -175 -86 -41 -207 123 -157 110 36 131 125 180 -63 5 72 -102 -240 -49 -37 1 -180 -61 46 -42 -10 136 152 -223 -99 35 -202 -132 -126 23 -200 -171 -28 189 28 -146 116 60 -70 178 -131 43 238 0 199 157 167 -104 106 -230 109 -183 49 158 -145 -213 -115 -34 190 207 70 -67 -197 -20 -203 -137 -123 -33 -23 133 231 -249 -27 -21 2 126 215 96 -144 195 -205 -87 -2 -208 122 202 15 -83 142 -169 -32 -168 -80 103 -227 -15 -204 181 121 243 -116 104 68 -1 59 175 112 -39 124 -57 113 6 138 235 17 248 -185 197 25 -94 -47 239 -46 245 53 -151 -105 141 -3 118 -189 170 -31 201 102 -163 -176 92 -228 -55 -212 16 -44 -59 -43 -190 236 -114 73 -127 34 58 57 -89 -5 29 -106 75 -97 -50 -166 213 11 117 -38 200 -69 -188 134 -45 -245 -238 228 -150 41 -147 -191 -165 222 186 149 78 219 161 -209 71 194 -159 -161 20 95 212 163 44 -194 -237 -174 -110 241 168 -120 128 9 -8 -56 198 -119 80 -84 -90 -51 42 171 69 -177 -142 130 -65 93 -62 -234 33 88 -215 244 -6 -170 192 -231 -218 63 7 -134 129 229 -124 -216 -101 179 -113 -11 166 -48 91 -195 105 -73 240 132 237 162 -22 -78 -35 -96 -18 151 -52 -141 83 -95 -241 -139 -222 -26 233 204 62 98 22 -4 -112 210 -182 -164 -109 -117 172 -214 114 -107 247 -193 224 188 55 40 10 159 183 90 -40 24 214 82 153 66 -125 -167 -98 -103 94 230 64 -14 -9 -246 -172 81 -77 249 225 147 -58 101 -192 218 -64 -128 246 146 223 -206 191 209 -225 -136 -236 -68 -36 143 -153 220 14 234 -100 -143 -221 -186 108 -79 173 -250 67 27 211 137 84 18 -217 -243 -232 216 4 -118 135 111 -29 38 -72 221 31 227 21 -111 -196 148 37 -130 -138 145 -211 120 -229 -148 -154 -178 86 -210 160 -244 -129 -235 -92 -82 -108 193 226 48 206 -219 242 -184 177 140 -16 -179 3 -74 156 54 -149 -220 187 39 85 13 -133 79 61 -160 127 26 -66 144 -247 -13 -24 -19 -140 65 -226 -181 -155 164 176 185 45 139 97 -152 -30 -12 -187 169 8 74 208 -162 100 -248 -85 115 -53 -199 32 50 -88 217 -135 150 154
TEST 12 ARG:-28 150 -196 -6 -179 114 -58 100 -100 -7 16 -80 123 -96 -89 52 224 -19 -218 -63 -173 5 171 247 65 -51 94 -134 39 -242 -81 84 22 -167 164 -137 17 242 -201 139 -131 68 -199 137 -94 -44 113 188 -101 -76 59 -232 25 197 -129 219 -18 170 -22 99 -99 108 122 -27 199 -38 -5 220 187 193 -54 23 228 -163 66 -236 -141 -10 20 95 48 51 237 8 198 182 98 -159 -116 -219 153 158 76 -82 183 190 9 12 226 64 53 129 60 -193 -237 157 -207 166 -11 208 -185 201 27 -191 -39 184 -47 -34 -25 203 92 -60 -186 -154 33 -111 -170 87 69 -217 56 -113 -79 -157 103 73 43 233 -208 135 -118 -31 218 -56 41 -202 -235 239 212 221 -126 50 -107 -1 -188 149 -17 -97 -66 29 222 134 -95 180 67 -62 -181 -146 151 -90 -152 0 160 132 200 -114 202 243 -20 -223 -43 136 230 -117 -133 -244 2 225 101 -209 -226 -73 18 -177 -228 227 167 159 -78 90 -85 -102 57 -176 -53 165 -224 -171 -115 -13 161 232 236 119 196 -4 -168 -197 249 205 173 241 152 -220 -125 -161 141 234 6 3 71 -119 -183 -212 128 -46 46 156 -222 -143 -15 124 181 207 194 85 -109 -138 216 -189 -8 78 -172 -245 -198 58 26 -61 -175 204 104 -135 186 105 -67 -83 -158 -234 -87 178 36 147 32 192 -57 47 206 88 -72 -166 77 54 34 231 111 162 81 185 175 -136 28 -231 131 -233 37 -65 176 -147 -221 -227 97 -33 62 244 106 -123 -215 163 140 -16 -24 4 148 120 214 -249 55 -204 -112 79 -142 246 -52 86 107 -69 179 -106 -70 31 -248 -55 -132 -230 -49 -77 117 142 215 -240 -68 -35 116 -124 -59 138 -145 -241 -210 -88 -206 45 -3 -75 19 189 -247 172 -14 -45 -9 -246 -40 -238 -128 -50 10 -26 -153 -213 -71 -164 -108 -104 -250 146 40 -149 143 -98 238 -21 61 80 83 118 49 -190 -127 -48 -216 -160 -91 130 -150 177 127 169 223 110 70 -41 -225 -64 211 -180 217 82 -12 38 213 155 112 144 11 74 -86 229 102 115 -30 -23 -162 -229 133 -239 -42 44 -178 91 -156 -74 -184 191 174 13 -140 -211 -205 75 -169 -110 121 -37 42 126 14 -148 -194 -105 210 -174 245 125 -187 -192 21 -139 72 -93 30 -155 -200 1 -130 7 -243 -165 24 96 -92 -120 35 145 -103 63 15 195 -182 154 -151 109 -144 -214 -2 235 -84 -195 -121 -29 89 -36 168 -203 -32 240 209 93 248 -122
TEST 13 ARG:-50 135 -207 -220 120 136 202 -27 -62 -33 -134 7 233 24 -83 -250 105 38 188 -117 76 -203 0 -156 146 -206 -148 -118 -76 -107 236 55 239 240 -180 -154 -40 -141 23 -34 -58 81 -234 -42 -127 149 -245 195 -3 48 -194 242 68 -241 192 230 122 -28 227 244 158 26 130 47 -97 -248 73 223 126 221 -152 161 234 245 -16 20 -56 174 -122 56 228 198 103 -222 246 -246 121 -49 -120 184 204 232 211 6 -231 40 183 -239 29 189 -85 -230 107 237 139 -224 -78 -193 -53 -166 154 -188 175 117 99 224 50 -51 -101 -161 172 170 -112 4 -20 25 -114 -249 30 156 169 28 165 91 205 -111 203 123 -61 36 -132 70 144 -198 -174 -242 86 214 -172 67 12 140 106 -140 94 -213 98 -14 -232 77 -187 -11 137 247 -145 61 152 -151 -75 87 -147 179 -80 187 -168 -170 220 197 -63 -218 -144 222 18 -129 127 219 116 193 163 82 -205 -98 84 210 190 -212 71 114 -10 104 -2 143 -202 -77 44 -209 206 -41 -99 -100 -211 167 8 -113 109 -119 17 -236 225 125 -70 -225 215 -95 178 113 16 54 -191 5 88 151 231 34 -37 181 -216 164 118 35 -181 -167 -29 -124 -179 -46 162 134 -92 -240 159 -162 -60 -157 89 -186 83 -195 -59 43 -54 129 177 -105 59 -163 -79 -244 -199 -45 -217 -8 14 -15 31 -138 -227 229 -13 -67 -208 -55 -133 -110 160 -214 -65 11 -243 -68 -190 78 -229 100 22 217 -5 -52 -189 -19 62 102 185 -96 131 -175 148 -176 -142 -237 -146 208 72 27 -71 -184 -210 -177 33 -201 -108 57 -221 -136 75 -72 45 -165 63 -125 -17 -32 58 128 90 -139 46 -102 -197 3 -43 176 52 248 141 -94 -86 69 21 145 -69 -73 9 138 124 53 -228 -123 111 -185 19 243 -12 -90 -169 173 95 79 -74 -137 -4 -128 32 -143 -26 -150 101 226 241 -235 -131 171 216 110 115 -91 196 -135 -219 157 -9 -84 -104 -64 -115 112 -24 -48 -35 2 238 65 -233 -30 -82 -226 -159 -47 1 -66 -89 155 166 -173 -31 200 -23 -158 97 13 -88 -38 42 142 93 -44 180 132 74 -25 249 108 -93 153 -6 51 207 -106 -149 218 -36 -153 213 235 -183 -126 -109 -121 194 168 -130 -196 -164 -182 -160 -7 -247 147 -171 -116 -1 199 -22 -103 -178 150 -200 119 64 209 212 -155 80 -81 96 -204 15 -192 60 -21 41 85 182 39 -57 191 66 -215 37 -238 -18 -223 -87 133 186 92 49 10 201 -39
